94
9
89
882
88
879
877
872
871
87
858
856
853
845
841
84
837
832
83
829
827
826
820
82
815
814
807
804
800
80
8
793
789
780
776
774
765
758
73
7
69
64
63
616
610
60
595
590
59
589
582
581
580
575
574
563
562
560
556
552
547
540
54
525
524
511
507
494
491
486
485
480
470
47
465
463
460
452
45
445
43
427
426
411
410
407
400
40
4
397
395
393
392
389
386
382
38
376
375
37
365
36
352
351
349
348
347
346
344
343
342
341
34
339
338
335
333
330
327
326
325
322
321
32
314
312
310
308
307
304
303
30
299
296
295
291
290
285
284
282
280
279
277
273
272
270
269
257
226
225
224
223
222
22
218
212
20
2
190
186
177
176
172
17
166
165
158
151
149
148
143
142
140
134
132
13
124
123
122
117
111
110
107
106
105
102
10
