94
9
89
882
88
879
877
872
871
87
858
857
856
853
845
841
84
832
83
829
827
826
820
82
815
814
807
800
80
794
793
789
780
776
774
765
758
73
7
69
64
63
610
60
595
591
590
589
582
581
580
575
562
560
556
552
55
547
540
54
525
524
522
511
507
494
491
486
485
480
470
47
468
465
463
452
45
445
43
426
411
407
400
40
4
397
395
392
386
38
376
375
365
362
36
356
352
351
348
347
346
344
343
342
341
34
339
338
335
333
330
327
326
325
323
322
321
32
314
312
310
308
307
304
303
30
299
297
296
294
292
291
290
287
284
282
280
279
277
276
273
272
271
270
266
257
23
226
225
224
223
222
22
218
212
20
2
190
186
181
177
176
175
174
172
17
166
165
158
151
149
148
143
142
140
134
132
13
129
122
117
110
107
106
105
102
10
