325
45
282
858
22
789
308
292
879
386
166
280
4
595
326
7
871
410
389
774
610
225
124
522
270
582
463
794
43
69
123
330
376
279
341
872
34
102
285
574
105
297
856
2
507
151
452
395
257
356
9
845
94
460
294
426
465
88
38
393
765
272
106
8
338
140
333
524
63
222
117
826
111
343
82
556
575
540
36
314
349
303
552
87
616
342
83
181
480
829
47
223
40
80
134
347
186
362
271
107
804
224
176
129
857
142
291
54
73
266
562
590
277
269
322
165
148
273
581
468
365
59
323
800
547
827
218
172
55
37
400
807
20
89
346
132
758
64
591
304
832
310
177
776
17
158
284
312
427
853
351
296
344
