94
9
882
88
877
872
871
87
858
857
856
853
837
832
83
829
827
826
820
82
815
807
804
800
8
794
793
789
780
776
774
765
758
73
7
69
64
616
60
595
591
59
589
582
581
580
575
574
563
562
560
556
552
55
547
540
525
524
522
511
507
491
486
485
480
470
47
468
465
463
460
452
45
43
427
426
411
410
407
400
40
4
397
395
393
392
389
382
376
375
37
365
362
36
356
352
351
349
348
347
343
342
341
34
339
338
335
333
330
327
326
325
323
322
321
32
314
312
310
308
307
304
303
30
299
297
296
295
294
292
290
287
285
282
280
279
277
276
273
272
271
270
269
266
23
226
225
224
223
222
22
218
212
20
2
190
186
181
176
175
174
172
17
166
165
158
151
149
148
143
142
140
134
132
13
129
124
123
122
117
111
110
107
106
105
102
10
