94
89
882
88
879
872
871
87
858
857
856
853
845
841
84
837
832
83
827
826
820
82
815
814
807
804
800
80
8
794
793
789
780
776
774
765
758
73
7
64
63
616
610
60
595
591
590
59
589
582
581
580
575
574
563
562
560
556
552
55
547
540
54
525
522
494
491
486
480
470
47
468
460
45
445
43
427
426
411
410
407
400
40
4
397
395
393
392
389
386
382
38
376
375
37
365
362
36
356
352
349
348
346
344
343
342
34
339
338
333
330
327
326
325
323
322
321
32
312
310
308
307
304
303
30
299
297
296
295
294
292
291
290
287
285
284
282
280
279
277
276
273
272
271
270
269
266
257
23
226
224
223
222
22
218
212
20
2
190
186
181
177
176
175
174
17
166
165
158
151
149
148
143
142
140
134
132
129
124
123
117
111
110
107
106
105
102
10
