94
9
89
882
88
879
877
872
871
87
858
857
856
853
845
841
84
837
832
83
829
826
82
815
814
807
804
800
80
8
794
793
789
780
776
774
765
758
73
7
69
64
63
616
610
60
595
591
590
59
582
581
580
574
563
560
55
547
54
524
522
511
507
494
491
485
480
470
47
468
465
463
460
452
45
445
43
427
426
411
410
407
400
4
397
395
393
389
386
382
38
375
37
362
36
356
352
351
349
348
347
346
344
343
342
341
34
339
338
335
333
330
327
326
325
323
321
32
314
312
310
307
304
303
30
299
297
296
295
294
292
291
287
285
284
282
279
277
276
273
272
271
270
269
266
257
23
226
225
224
223
222
22
218
212
20
2
190
186
181
177
176
175
174
172
17
166
165
151
149
143
142
140
134
132
13
129
124
123
122
117
111
110
107
106
105
102
10
