9
89
879
877
872
87
858
857
856
853
845
841
84
837
83
829
827
820
82
815
814
807
804
800
80
8
794
793
789
780
776
765
758
73
7
69
64
63
616
610
60
595
591
590
59
589
582
575
574
563
562
560
556
552
55
547
540
54
525
524
522
511
507
494
491
486
485
480
470
468
465
463
460
452
445
43
427
426
411
410
407
400
40
4
397
395
393
392
389
386
382
38
376
375
37
365
362
36
356
352
351
349
348
347
346
344
343
342
341
339
335
333
330
327
326
325
323
322
321
314
312
310
308
307
304
30
299
297
296
295
294
292
291
290
287
285
284
282
280
279
277
276
273
272
271
269
266
257
23
226
225
224
223
22
218
212
20
2
190
181
177
176
175
174
172
17
166
165
158
151
148
143
142
140
134
132
13
129
124
123
122
111
110
107
106
105
102
