34
212
411
386
296
291
123
362
765
30
307
132
351
124
297
40
84
190
17
581
574
344
486
299
485
871
285
832
858
151
445
556
303
507
427
10
400
347
64
294
837
73
327
393
134
43
63
410
276
807
827
158
257
269
376
389
282
60
575
540
117
804
522
468
20
460
341
562
102
853
375
225
165
47
94
882
395
7
222
89
129
107
280
304
266
218
856
365
224
272
9
45
841
172
333
110
13
69
845
105
292
552
470
789
226
270
338
54
463
616
106
279
38
83
55
310
356
322
595
87
814
335
392
181
166
88
339
186
343
793
800
140
176
758
312
426
794
277
547
2
872
342
352
37
271
148
32
111
175
465
563
174
590
