94
9
89
882
88
879
877
872
871
857
856
853
845
841
84
837
832
83
829
827
826
820
82
814
807
804
800
80
8
794
789
780
774
765
73
69
63
616
610
60
595
591
590
59
589
582
581
580
575
574
563
562
560
556
552
55
540
54
525
524
522
511
507
494
491
486
485
480
470
47
468
465
463
460
452
45
445
43
427
426
411
410
400
40
4
397
395
393
392
389
386
382
38
376
375
37
365
362
36
356
352
351
349
348
347
346
344
343
342
341
34
339
338
335
333
330
323
322
321
32
314
312
308
307
304
303
30
299
297
296
295
294
292
291
290
287
285
284
280
279
276
273
271
270
269
266
257
23
226
225
224
223
222
22
218
212
20
2
190
186
181
177
175
174
172
17
166
165
158
151
149
148
143
142
134
13
129
124
123
122
117
111
110
107
106
105
10
