94
9
89
882
88
879
877
872
871
87
858
857
856
853
845
841
84
837
832
83
829
827
826
820
82
815
814
807
804
80
8
794
793
789
776
774
765
758
73
7
69
64
63
616
610
60
591
590
59
589
582
581
580
575
574
563
562
560
556
552
55
547
540
54
525
524
522
511
507
494
491
486
485
480
470
47
468
465
463
460
452
45
445
43
427
426
410
407
40
397
395
393
392
389
386
382
38
376
375
37
365
362
356
351
349
347
346
344
343
342
341
34
339
338
335
333
327
326
325
323
322
321
32
314
310
308
303
299
297
296
295
294
292
291
290
287
285
284
282
280
279
277
276
273
272
271
270
269
266
257
23
226
225
223
222
218
20
2
190
186
181
177
176
175
174
172
17
166
158
149
148
142
140
134
132
13
129
124
123
122
117
111
107
106
105
102
10
