94
9
89
882
88
879
877
872
871
87
858
857
853
845
841
84
837
832
83
829
827
826
820
815
814
804
800
80
8
794
793
789
780
776
774
765
758
73
7
69
64
63
616
610
60
595
591
590
59
589
581
580
575
574
563
562
556
552
55
547
540
54
525
524
522
511
507
494
491
486
485
470
47
468
465
463
460
452
45
445
43
427
411
410
407
400
40
4
393
392
389
386
382
38
376
375
37
365
362
36
356
352
351
349
348
347
346
344
343
342
341
34
339
338
335
330
327
326
325
323
322
321
32
314
312
310
308
307
304
303
30
299
297
295
294
292
291
290
287
285
284
282
280
277
276
272
271
270
269
266
257
23
225
224
222
22
212
20
186
181
177
176
175
174
172
17
166
165
158
151
149
148
143
140
132
13
129
124
123
122
117
111
110
107
106
102
10
